Matrix A:
31	32	31	15	7	16	
40	42	6	48	40	39	
29	4	49	4	42	37	
48	35	6	16	28	44	
3	20	11	40	43	33	
21	24	27	38	17	33	

Matrix B:
15	7	10	12	1	8	
22	46	45	36	15	43	
31	40	24	30	38	23	
4	6	3	48	8	34	
44	45	12	41	45	42	
37	13	13	25	26	23	

A x B: 
3090	3542	2831	3861	2540	3509	
5105	5047	3565	7091	4096	6473	
5275	4742	2643	4801	4835	4282	
4600	4114	3155	5032	3333	4759	
4099	3985	2259	5594	3834	5062	
3801	3753	2685	5272	3334	4586	

A + B: 
46	39	41	27	8	24	
62	88	51	84	55	82	
60	44	73	34	80	60	
52	41	9	64	36	78	
47	65	23	81	88	75	
58	37	40	63	43	56	
